KHL
---

estimator.direct:
    HISTORY_IN_WEEKS = 109
    HISTORY_IN_MATCHES = 110
    START_WEIGHT = 0.7001614657979722
    END_WEIGHT = 0.8836526735543674
    OVER_POWER_THRESHOLD = 1.6049555513706968
    OVER_POWER_EXTRA = 0.11624288522229594
    CLOSE_MATCH_THRESHOLD = 0.038231588134949424
    CLOSE_MATCH_TRIM = 0.05733478504418113
    
    saadut voitot: 166.96773222930665, 630.6922859471467, 637.993334713467, 731.9842143298677, 733.3106764582542, 790.9703675798214, 2291.704308061397
    
    
estimator.direct:
    HISTORY_IN_WEEKS = 109
    HISTORY_IN_MATCHES = 110
    START_WEIGHT = 0.6897504538708394
    END_WEIGHT = 0.9189912840654391
    OVER_POWER_THRESHOLD = 1.6049555513706968
    OVER_POWER_EXTRA = 0.11624288522229594
    CLOSE_MATCH_THRESHOLD = 0.038685978905720536
    CLOSE_MATCH_TRIM = 0.06346772061378125
    
    saadut voitot: 204.67304804615992, 616.9971768853393, 731.412973252877, 731.8999332044889, 743.7229878171936, 812.5944248113085, 2494.6651077806832
